1 10 6.5154
2 10.6288 3.4790
3 10.7621 5.0540
4 8.5164 1.9688
5 12.0443 5.3373
6 8.7561 6.5042
7 11.9906 3.2803
8 9.7003 5.2716
9 10.0837 1.6843
10 11.8691 6.4296
11 6.2165 4.8009
12 14.4167 5.3509
13 8.2804 6.1022
14 12.2747 4.4781
15 9.2285 6.5204
16 8.7178 4.9774
17 10.8816 6.3602
18 6.8637 4.6682
19 12.0067 5.4828
20 7.0245 6.4794
21 10.9188 4.7239
22 9.1841 8.4663
23 9.9600 4.9196
24 10.8935 7.7865
25 8.7741 4.8902
26 11.5570 4.7335
27 8.9408 5.7993
28 11.8221 3.4603
29 8.6326 7.9534
30 9.4640 3.4386
31 10.4154 5.2456
32 9.2719 4.5274
33 11.0609 3.9622
34 8.4208 5.1372
35 11.7801 4.5208
36 11.0513 6.5594
37 9.3684 2.0531
38 10.8242 6.8274
39 9.6442 3.8202
40 13.5027 4.5157
41 7.8699 6.2251
42 12.5976 2.2386
43 10.6380 8.6865
44 9.9130 1.6147
45 11.4225 5.4173
46 8.9272 5.2766
47 13.6919 4.7732
48 7.7072 6.7573
49 13.0776 3.1477
50 10.0624 5.6496
51 8.2997 4.0652
52 12.0996 7.0536
53 7.0232 5.0309
54 12.2075 5.1095
55 9.4274 6.3132
56 9.6568 4.3044
57 9.7553 7.2423
58 8.6187 4.7461
59 12.5049 6.8735
60 8.3484 4.9039
61 12.5048 3.5553
62 6.3950 6.8476
63 10.1324 2.3918
64 9.0868 6.1748
65 9.2798 2.0526
66 11.0645 5.1539
67 7.1461 4.4612
68 13.4802 3.2991
69 8.2585 6.4360
70 10.6201 4.2380
71 11.8733 5.9337
72 9.3151 4.7727
73 12.5785 5.0464
74 8.8973 4.6960
75 12.3720 3.1350
76 9.2238 5.9314
77 10.7076 2.8180
78 10.7495 7.6372
79 8.7522 2.0993
80 11.5237 5.2852
81 7.9987 6.9291
82 10.3126 4.7222
83 8.6087 8.6513
84 10.1416 4.8764
85 11.0105 7.1678
86 9.6376 4.4954
87 14.1819 5.3609
88 8.6196 5.2429
89 12.2284 4.4555
90 8.3944 7.8895
91 8.7230 2.9154
92 10.2467 5.0519
93 7.0017 4.0612
94 10.5497 5.4879
95 9.3931 5.3443
96 11.8822 3.2257
97 9.0628 5.0465
98 9.0114 4.9034
99 10.5524 5.6936
100 6.8553 3.4263
