9.999912 6.515538
10.628863 3.478796
10.763498 5.065147
8.516426 1.968463
12.041093 5.328870
8.759489 6.502786
11.991050 3.279589
9.716317 5.263544
10.083775 1.684549
11.869593 6.425923
6.217077 4.800995
14.416714 5.351374
8.270653 6.117350
12.272422 4.477059
9.237618 6.521788
8.709749 4.972829
10.884217 6.363864
6.864663 4.668004
12.004019 5.481731
7.024383 6.478640
10.916410 4.721639
9.183562 8.467076
9.985377 4.924205
10.892632 7.786096
8.765837 4.868119
11.560007 4.738616
8.941289 5.785651
11.821689 3.454929
8.633600 7.953700
9.460716 3.433958
10.381199 5.229187
9.285003 4.568236
11.054969 3.972772
8.419401 5.138137
11.780117 4.524070
11.052368 6.559587
9.368393 2.052993
10.821135 6.827333
9.649174 3.819926
13.486244 4.551941
7.870921 6.225879
12.600516 2.237584
10.637744 8.685055
9.912844 1.616226
11.423352 5.421272
8.924786 5.271629
13.701165 4.739497
7.707152 6.756644
13.076559 3.146220
10.070223 5.663103
8.296925 4.063289
12.096851 7.052530
7.023856 5.031866
12.207133 5.110275
9.409335 6.297012
9.664801 4.302621
9.759521 7.247926
8.622294 4.769886
12.506104 6.873743
8.355002 4.882691
12.506546 3.555603
6.395038 6.847569
10.131590 2.394100
9.087381 6.173959
9.281994 2.052157
11.064936 5.153719
7.145450 4.461299
13.477139 3.299789
8.260851 6.432494
10.635137 4.223238
11.872781 5.934694
9.314331 4.762685
12.569496 5.054870
8.892772 4.693769
12.372339 3.151849
9.214138 5.940359
10.714241 2.824325
10.732586 7.617141
8.751796 2.099704
11.512523 5.268635
7.998394 6.929851
10.326872 4.703746
8.606913 8.652473
10.133745 4.842060
11.019884 7.204751
9.627615 4.514842
14.181556 5.360658
8.587960 5.221656
12.225124 4.456042
8.395229 7.884888
8.722584 2.915935
10.277839 5.070944
7.002428 4.060945
10.552645 5.486205
9.337830 5.394047
11.884769 3.226465
9.128325 5.012539
9.023153 4.905683
10.551300 5.695218
6.855414 3.426335
