10 6.5154
10.6288 3.4790
10.7621 5.0540
8.5164 1.9688
12.0443 5.3373
8.7561 6.5042
11.9906 3.2803
9.7003 5.2716
10.0837 1.6843
11.8691 6.4296
6.2165 4.8009
14.4167 5.3509
8.2804 6.1022
12.2747 4.4781
9.2285 6.5204
8.7178 4.9774
10.8816 6.3602
6.8637 4.6682
12.0067 5.4828
7.0245 6.4794
10.9188 4.7239
9.1841 8.4663
9.9600 4.9196
10.8935 7.7865
8.7741 4.8902
11.5570 4.7335
8.9408 5.7993
11.8221 3.4603
8.6326 7.9534
9.4640 3.4386
10.4154 5.2456
9.2719 4.5274
11.0609 3.9622
8.4208 5.1372
11.7801 4.5208
11.0513 6.5594
9.3684 2.0531
10.8242 6.8274
9.6442 3.8202
13.5027 4.5157
7.8699 6.2251
12.5976 2.2386
10.6380 8.6865
9.9130 1.6147
11.4225 5.4173
8.9272 5.2766
13.6919 4.7732
7.7072 6.7573
13.0776 3.1477
10.0624 5.6496
8.2997 4.0652
12.0996 7.0536
7.0232 5.0309
12.2075 5.1095
9.4274 6.3132
9.6568 4.3044
9.7553 7.2423
8.6187 4.7461
12.5049 6.8735
8.3484 4.9039
12.5048 3.5553
6.3950 6.8476
10.1324 2.3918
9.0868 6.1748
9.2798 2.0526
11.0645 5.1539
7.1461 4.4612
13.4802 3.2991
8.2585 6.4360
10.6201 4.2380
11.8733 5.9337
9.3151 4.7727
12.5785 5.0464
8.8973 4.6960
12.3720 3.1350
9.2238 5.9314
10.7076 2.8180
10.7495 7.6372
8.7522 2.0993
11.5237 5.2852
7.9987 6.9291
10.3126 4.7222
8.6087 8.6513
10.1416 4.8764
11.0105 7.1678
9.6376 4.4954
14.1819 5.3609
8.6196 5.2429
12.2284 4.4555
8.3944 7.8895
8.7230 2.9154
10.2467 5.0519
7.0017 4.0612
10.5497 5.4879
9.3931 5.3443
11.8822 3.2257
9.0628 5.0465
9.0114 4.9034
10.5524 5.6936
6.8553 3.4263
