%%MatrixMarket matrix coordinate real general
100 100 100
1 0 0.6
2 0.1 0.58
3 0.2 0.56
4 0.3 0.54
5 0.4 0.52
6 0.5 0.5
7 0.6 0.48
8 0.7 0.46
9 0.8 0.44
10 0.9 0.42
11 1 0.4
12 1.1 0.38
13 1.2 0.36
14 1.3 0.34
15 1.4 0.32
16 1.5 0.3
17 1.6 0.28
18 1.7 0.26
19 1.8 0.24
20 1.9 0.22
21 0 0.3
22 0.1 0.28
23 0.2 0.26
24 0.3 0.24
25 0.4 0.22
26 0.5 0.2
27 0.6 0.18
28 0.7 0.16
29 0.8 0.14
30 0.9 0.12
31 1 0.1
32 1.1 0.08
33 1.2 0.06
34 1.3 0.04
35 1.4 0.02
36 1.5 0.0
37 1.6 -0.02
38 1.7 -0.04
39 1.8 -0.06
40 1.9 -0.08
41 0 0
42 0.1 0
43 0.2 0
44 0.3 0
45 0.4 0
46 0.5 0
47 0.6 0
48 0.7 0
49 0.8 0
50 0.9 0
51 1 0
52 1.1 0
53 1.2 0
54 1.3 0
55 1.4 0
56 1.5 0
57 1.6 0
58 1.7 0
59 1.8 0
60 1.9 0
61 0 -0.3
62 0.1 -0.28
63 0.2 -0.26
64 0.3 -0.24
65 0.4 -0.22
66 0.5 -0.2
67 0.6 -0.18
68 0.7 -0.16
69 0.8 -0.14
70 0.9 -0.12
71 1 -0.1
72 1.1 -0.08
73 1.2 -0.06
74 1.3 -0.04
75 1.4 -0.02
76 1.5 0.0
77 1.6 0.02
78 1.7 0.04
79 1.8 0.06
80 1.9 0.08
81 0 -0.6
82 0.1 -0.58
83 0.2 -0.56
84 0.3 -0.54
85 0.4 -0.52
86 0.5 -0.5
87 0.6 -0.48
88 0.7 -0.46
89 0.8 -0.44
90 0.9 -0.42
91 1 -0.4
92 1.1 -0.38
93 1.2 -0.36
94 1.3 -0.34
95 1.4 -0.32
96 1.5 -0.3
97 1.6 -0.28
98 1.7 -0.26
99 1.8 -0.24
100 1.9 -0.22
