8.786149999999999516e-02
-3.449109999999999676e-02
5.094839999999999786e-02
-6.341960000000000652e-02
1.667730000000000080e-03
3.859200000000000130e-02
-1.750329999999999941e-02
6.578670000000000351e-02
-6.958010000000000583e-02
1.250730000000000071e-02
-7.136249999999999582e-04
2.293299999999999852e-02
1.897959999999999925e-02
-1.298299999999999975e-02
6.564730000000000565e-02
-1.871309999999999987e-02
4.018569999999999781e-02
-1.849220000000000030e-02
3.818629999999999941e-02
3.717120000000000146e-02
-9.367179999999999951e-02
3.390499999999999764e-02
-8.263800000000000312e-02
1.152650000000000029e-02
-7.085290000000000164e-03
-2.977640000000000148e-02
1.865059999999999982e-02
-4.857529999999999661e-03
4.816549999999999998e-02
-8.038109999999999700e-02
2.293960000000000096e-02
-1.668530000000000013e-02
-2.063339999999999966e-02
5.123759999999999773e-03
-7.208269999999999955e-02
5.970829999999999887e-02
-3.082659999999999914e-02
3.007129999999999873e-02
-3.623980000000000257e-02
-2.864890000000000145e-03
8.464950000000000252e-02
-5.350989999999999913e-02
8.508609999999999568e-04
-3.955100000000000282e-02
3.648509999999999948e-02
1.238000000000000038e-02
-3.553339999999999884e-03
4.400690000000000157e-02
-5.966049999999999826e-02
8.208160000000000456e-02
-3.633239999999999820e-03
1.955859999999999890e-02
6.584170000000000300e-03
1.890079999999999929e-03
4.611350000000000171e-02
-9.558719999999999717e-02
4.074880000000000169e-02
-6.037449999999999761e-02
2.692220000000000030e-02
-5.863549999999999925e-04
-3.506390000000000201e-02
1.731219999999999981e-02
-7.961419999999999608e-02
6.518300000000000483e-02
-6.142260000000000081e-02
2.196809999999999995e-03
-1.311380000000000011e-02
-1.745359999999999967e-02
6.354529999999999727e-03
-9.111460000000000045e-03
6.196879999999999750e-02
-7.443710000000000604e-02
1.832539999999999907e-03
-3.014769999999999950e-02
-2.371159999999999934e-02
2.726840000000000167e-02
-7.130740000000000689e-02
6.313069999999999793e-02
-6.346910000000000052e-02
6.009439999999999574e-03
2.674469999999999972e-02
-1.208249999999999949e-02
4.543550000000000366e-03
-8.258999999999999675e-02
7.616720000000000435e-02
-2.573179999999999912e-02
2.479069999999999885e-02
2.795829999999999843e-02
-1.662610000000000129e-02
2.580589999999999967e-02
-5.576779999999999932e-02
3.420329999999999898e-02
-4.141580000000000261e-02
5.712430000000000112e-03
9.098659999999999734e-03
-4.014240000000000169e-02
3.481569999999999804e-02
-1.375569999999999918e-02
4.913470000000000337e-02
-3.901929999999999982e-02
