8.786099999999999466e-02
-3.449100000000000082e-02
5.094800000000000023e-02
-6.342000000000000415e-02
1.665999999999999946e-03
3.859300000000000230e-02
-1.750200000000000020e-02
6.578699999999999826e-02
-6.958200000000000496e-02
1.249800000000000043e-02
-7.129999999999999836e-04
2.294500000000000012e-02
1.897899999999999934e-02
-1.298099999999999948e-02
6.565400000000000402e-02
-1.870899999999999994e-02
4.017500000000000238e-02
-1.848999999999999949e-02
3.818699999999999872e-02
3.718300000000000077e-02
-9.367000000000000326e-02
3.388599999999999945e-02
-8.264000000000000512e-02
1.152599999999999979e-02
-7.072000000000000161e-03
-2.977199999999999985e-02
1.863400000000000126e-02
-4.857000000000000206e-03
4.816399999999999848e-02
-8.038199999999999512e-02
2.294300000000000159e-02
-1.668599999999999944e-02
-2.063399999999999956e-02
5.126000000000000348e-03
-7.207900000000000418e-02
5.970899999999999819e-02
-3.083199999999999830e-02
3.007400000000000004e-02
-3.624100000000000238e-02
-2.866000000000000058e-03
8.465399999999999314e-02
-5.351500000000000007e-02
8.509999999999999769e-04
-3.955199999999999688e-02
3.648499999999999660e-02
1.238099999999999964e-02
-3.555000000000000000e-03
4.400400000000000145e-02
-5.966199999999999976e-02
8.208699999999999330e-02
-3.631999999999999812e-03
1.955600000000000047e-02
6.585999999999999840e-03
1.889999999999999970e-03
4.611900000000000027e-02
-9.558400000000000230e-02
4.073999999999999844e-02
-6.037499999999999811e-02
2.692100000000000048e-02
-5.879999999999999810e-04
-3.506200000000000289e-02
1.731100000000000000e-02
-7.960699999999999721e-02
6.578699999999999826e-02
-6.142700000000000243e-02
2.200000000000000133e-03
-1.311900000000000045e-02
-1.745199999999999876e-02
6.354000000000000273e-03
-9.112999999999999573e-03
6.196900000000000325e-02
-7.443700000000000316e-02
1.835000000000000043e-03
-3.014599999999999919e-02
-2.371699999999999850e-02
2.727200000000000110e-02
-7.130999999999999839e-02
6.313100000000000656e-02
-6.346999999999999864e-02
6.008000000000000319e-03
2.674800000000000094e-02
-1.208299999999999999e-02
4.545999999999999694e-03
-8.259199999999999875e-02
7.616399999999999559e-02
-2.572599999999999887e-02
2.478599999999999901e-02
2.796200000000000074e-02
-1.662800000000000042e-02
2.580100000000000102e-02
-5.576400000000000107e-02
3.420299999999999729e-02
-4.141700000000000242e-02
5.712000000000000063e-03
9.103999999999999246e-03
-4.013900000000000107e-02
3.481000000000000066e-02
-1.375499999999999987e-02
4.913399999999999712e-02
-3.902100000000000013e-02
