0.000000000000000000e+00
1.248089999999999963e-02
3.401880000000000182e-02
-5.874129999999999976e-03
2.473200000000000051e-02
-6.616030000000000522e-02
6.701569999999999749e-02
-1.159849999999999944e-02
2.452889999999999932e-02
3.341020000000000101e-02
-8.268499999999999461e-02
2.786309999999999829e-02
-9.731379999999999544e-03
3.551619999999999777e-02
-2.523009999999999836e-02
-5.157409999999999772e-02
1.893009999999999832e-02
-5.551550000000000235e-02
6.354279999999999651e-02
-3.183559999999999862e-02
2.370289999999999897e-02
-1.785679999999999906e-02
-7.160770000000000329e-03
1.822139999999999871e-02
-8.487989999999999424e-02
4.865289999999999893e-02
-9.171139999999999848e-02
3.710709999999999703e-02
-2.321849999999999956e-02
-2.188199999999999867e-02
6.714219999999999910e-02
-2.256330000000000141e-02
2.039509999999999934e-02
-8.021349999999999314e-02
1.149179999999999993e-02
5.221960000000000317e-03
-1.283450000000000042e-02
7.052550000000000485e-02
-7.186460000000000070e-02
4.150949999999999779e-02
-5.778700000000000329e-03
2.375980000000000106e-02
1.011540000000000009e-03
-1.165669999999999971e-04
8.795890000000000652e-03
-7.684390000000000664e-02
9.514630000000000309e-02
-4.099970000000000003e-02
5.019620000000000332e-02
5.521769999999999630e-03
-9.772190000000000043e-03
2.478620000000000129e-02
-2.192200000000000051e-02
6.128480000000000386e-03
-5.977679999999999799e-02
-2.962569999999999874e-03
-2.802100000000000077e-03
-5.780539999999999984e-02
5.523299999999999738e-02
-8.910710000000000505e-03
4.957969999999999738e-02
-7.595770000000000299e-02
4.884509999999999894e-03
-1.230000000000000017e-02
-1.376690000000000032e-02
6.857140000000000457e-02
-8.311440000000000494e-02
3.064410000000000051e-02
-7.100710000000000355e-02
1.629199999999999919e-03
1.166470000000000007e-02
-4.718889999999999890e-02
3.976690000000000086e-02
-2.691320000000000170e-02
7.377250000000000474e-02
-6.486649999999999838e-04
2.257779999999999856e-02
2.917509999999999895e-02
-1.827180000000000124e-02
9.011650000000000216e-02
-5.915039999999999881e-02
7.284970000000000150e-05
-2.760400000000000006e-02
3.411589999999999762e-02
1.079190000000000010e-02
-7.557030000000000691e-02
7.179520000000000346e-02
-4.511219999999999813e-02
6.802390000000000173e-04
-2.461709999999999940e-02
-1.414029999999999974e-02
1.667389999999999844e-02
-8.255750000000000588e-02
1.314740000000000006e-03
-8.961410000000000209e-02
3.713049999999999684e-02
-4.034059999999999729e-02
-1.698440000000000019e-02
1.189149999999999929e-02
-4.854420000000000263e-02
