0.000000000000000000e+00
1.248200000000000004e-02
3.401699999999999863e-02
-5.872999999999999748e-03
2.472999999999999851e-02
-6.616600000000000259e-02
6.701400000000000412e-02
-1.159999999999999920e-02
2.452899999999999872e-02
3.340400000000000313e-02
-8.268999999999999961e-02
2.786500000000000088e-02
-9.730000000000000801e-03
3.552199999999999802e-02
-2.524099999999999955e-02
-5.157699999999999785e-02
1.893399999999999944e-02
-5.551899999999999891e-02
6.355099999999999638e-02
-3.184599999999999931e-02
2.369699999999999931e-02
-1.785300000000000081e-02
-7.165000000000000362e-03
1.822299999999999962e-02
-8.487799999999999512e-02
4.864999999999999880e-02
-9.171500000000000485e-02
3.710700000000000109e-02
-2.321499999999999952e-02
-2.188500000000000167e-02
6.713900000000000423e-02
-2.256299999999999972e-02
2.039499999999999993e-02
-8.021100000000000452e-02
1.148099999999999989e-02
5.218000000000000416e-03
-1.283199999999999966e-02
7.051999999999999935e-02
-7.186299999999999633e-02
4.150800000000000323e-02
-5.787999999999999742e-03
2.375499999999999834e-02
1.012000000000000096e-03
-1.119999999999999983e-04
8.796999999999999265e-03
-7.684499999999999664e-02
9.514599999999999447e-02
-4.100299999999999778e-02
5.020399999999999863e-02
5.513999999999999804e-03
-9.771999999999999437e-03
2.478700000000000001e-02
-2.192200000000000051e-02
6.128999999999999899e-03
-5.978699999999999987e-02
-2.961999999999999789e-03
-2.799999999999999972e-03
-5.780699999999999728e-02
5.523800000000000238e-02
-8.911000000000000518e-03
4.957000000000000295e-02
-7.596100000000000074e-02
4.873999999999999860e-03
-1.159999999999999920e-02
-1.376699999999999972e-02
6.857099999999999307e-02
-8.311699999999999644e-02
3.064000000000000057e-02
-7.100599999999999967e-02
1.629999999999999939e-03
1.166099999999999949e-02
-4.719299999999999884e-02
3.976699999999999680e-02
-2.690899999999999889e-02
7.376900000000000124e-02
-6.499999999999999702e-04
2.257299999999999932e-02
2.917300000000000101e-02
-1.826499999999999999e-02
9.011099999999999666e-02
-5.915200000000000319e-02
7.200000000000000182e-05
-2.760400000000000006e-02
3.412400000000000155e-02
1.078600000000000045e-02
-7.557600000000000429e-02
7.179199999999999471e-02
-4.511500000000000232e-02
6.809999999999999647e-04
-2.461999999999999952e-02
-1.414400000000000032e-02
1.667400000000000132e-02
-8.256399999999999850e-02
1.314999999999999980e-03
-8.962000000000000521e-02
3.713199999999999834e-02
-4.033300000000000080e-02
-1.698200000000000057e-02
1.189199999999999979e-02
-4.854699999999999988e-02
